terms	posting lists
10--->[2 0.0035087719298245615, ]
103--->[5 0.0017985611510791368, ]
110--->[5 0.0017985611510791368, ]
12--->[5 0.0017985611510791368, ]
121257411--->[6 0.002857142857142857, ]
12月--->[6 0.002857142857142857, ]
13--->[7 0.008130081300813009, ]
13746627--->[6 0.002857142857142857, ]
13亿--->[10 0.004424778761061947, ]
140775--->[7 0.008130081300813009, ]
1500--->[10 0.004424778761061947, ]
17--->[10 0.004424778761061947, ]
1992--->[1 0.005277044854881266, ]
1994--->[6 0.002857142857142857, ]
1999--->[10 0.004424778761061947, ]
1万--->[1 0.002638522427440633, 5 0.0017985611510791368, ]
20--->[10 0.004424778761061947, ]
200--->[10 0.004424778761061947, ]
2004--->[7 0.008130081300813009, ]
2009--->[6 0.008571428571428572, ]
2010--->[5 0.0017985611510791368, ]
2011--->[5 0.0017985611510791368, 6 0.002857142857142857, 7 0.008130081300813009, ]
2015--->[6 0.005714285714285714, ]
2016--->[6 0.002857142857142857, ]
2017--->[5 0.0017985611510791368, ]
2018--->[2 0.0035087719298245615, 3 0.010309278350515464, 4 0.004424778761061947, ]
2124--->[6 0.002857142857142857, ]
2300--->[10 0.004424778761061947, ]
246亿--->[6 0.002857142857142857, ]
25--->[4 0.004424778761061947, 5 0.0017985611510791368, ]
259--->[7 0.008130081300813009, ]
26--->[1 0.0079155672823219, 2 0.0017543859649122807, 10 0.004424778761061947, ]
27--->[2 0.0017543859649122807, 3 0.010309278350515464, 4 0.004424778761061947, 5 0.0017985611510791368, 6 0.002857142857142857, 7 0.008130081300813009, 8 0.007168458781362007, 9 0.007692307692307693, ]
2758亿--->[6 0.005714285714285714, ]
27亿--->[6 0.002857142857142857, ]
29--->[2 0.0035087719298245615, 3 0.020618556701030927, 5 0.0017985611510791368, ]
2916275--->[6 0.002857142857142857, ]
30--->[4 0.004424778761061947, ]
300--->[7 0.008130081300813009, 10 0.004424778761061947, ]
300万--->[7 0.008130081300813009, ]
30311731--->[6 0.002857142857142857, ]
3045--->[5 0.0017985611510791368, ]
31--->[2 0.0035087719298245615, ]
32058285--->[6 0.002857142857142857, ]
3500--->[5 0.0035971223021582736, ]
38--->[7 0.008130081300813009, ]
3亿--->[10 0.004424778761061947, ]
4月--->[1 0.002638522427440633, 2 0.0017543859649122807, ]
5000--->[5 0.012589928057553957, ]
5月--->[6 0.002857142857142857, ]
6193--->[5 0.0017985611510791368, ]
65--->[1 0.002638522427440633, ]
6月--->[5 0.0017985611510791368, ]
792275--->[6 0.002857142857142857, ]
7月--->[1 0.005277044854881266, 2 0.007017543859649123, 3 0.010309278350515464, 4 0.008849557522123894, 5 0.0017985611510791368, 7 0.008130081300813009, 8 0.0035842293906810036, 9 0.007692307692307693, ]
8000--->[5 0.0035971223021582736, ]
815--->[5 0.0017985611510791368, ]
8月--->[2 0.005263157894736842, ]
ARF--->[2 0.0017543859649122807, ]
EAS--->[2 0.0017543859649122807, ]
ID--->[6 0.002857142857142857, ]
upolitics--->[6 0.002857142857142857, ]
阿巴西--->[1 0.005277044854881266, ]
癌症--->[1 0.002638522427440633, ]
安徽省--->[6 0.008571428571428572, ]
安徽省委--->[6 0.005714285714285714, ]
安徽省信托投资公司--->[6 0.002857142857142857, ]
案--->[6 0.005714285714285714, 7 0.008130081300813009, ]
巴基斯坦--->[1 0.05804749340369393, 2 0.005263157894736842, ]
巴基斯坦政府--->[1 0.002638522427440633, ]
巴铁--->[1 0.0079155672823219, ]
巴西--->[2 0.0017543859649122807, ]
把关--->[4 0.004424778761061947, ]
白恩培--->[6 0.002857142857142857, ]
败坏--->[6 0.002857142857142857, ]
般--->[1 0.002638522427440633, ]
板球--->[1 0.010554089709762533, ]
办公厅--->[4 0.008849557522123894, ]
包机--->[10 0.004424778761061947, ]
包机来--->[10 0.008849557522123894, ]
包括--->[5 0.0017985611510791368, ]
包容--->[2 0.0035087719298245615, ]
保持良好--->[9 0.007692307692307693, ]
保持稳定--->[2 0.0017543859649122807, ]
保护主义--->[2 0.0035087719298245615, 9 0.007692307692307693, ]
保障--->[8 0.010752688172043012, ]
保证--->[10 0.004424778761061947, ]
报酬--->[5 0.0035971223021582736, ]
报道--->[1 0.013192612137203167, 2 0.0017543859649122807, 3 0.010309278350515464, 9 0.007692307692307693, 10 0.004424778761061947, ]
暴露出--->[4 0.008849557522123894, ]
爆炸--->[4 0.008849557522123894, ]
北京--->[5 0.0017985611510791368, 8 0.0035842293906810036, ]
背景--->[2 0.0017543859649122807, ]
倍--->[10 0.004424778761061947, ]
被罚--->[7 0.008130081300813009, ]
被告人--->[6 0.008571428571428572, 7 0.008130081300813009, ]
被判--->[6 0.002857142857142857, ]
本次--->[5 0.0017985611510791368, ]
本国--->[2 0.0017543859649122807, 3 0.010309278350515464, ]
币--->[7 0.008130081300813009, ]
避税--->[5 0.0017985611510791368, ]
边际--->[5 0.0017985611510791368, ]
便利--->[6 0.002857142857142857, 7 0.016260162601626018, ]
便利化--->[2 0.0017543859649122807, ]
变动--->[5 0.0017985611510791368, ]
变心--->[1 0.005277044854881266, ]
标签--->[1 0.002638522427440633, ]
标题--->[1 0.002638522427440633, 2 0.0017543859649122807, 3 0.010309278350515464, 4 0.004424778761061947, 5 0.0017985611510791368, 6 0.002857142857142857, 7 0.008130081300813009, 8 0.0035842293906810036, 9 0.007692307692307693, 10 0.004424778761061947, ]
标准--->[5 0.01079136690647482, 8 0.007168458781362007, ]
标准化--->[5 0.0035971223021582736, ]
表态--->[1 0.002638522427440633, ]
别有用心--->[1 0.002638522427440633, ]
并处--->[7 0.008130081300813009, ]
博鳌--->[2 0.0017543859649122807, ]
补贴--->[6 0.002857142857142857, ]
不动--->[10 0.004424778761061947, ]
不强--->[4 0.008849557522123894, ]
不确定性--->[2 0.0017543859649122807, ]
不严--->[4 0.004424778761061947, ]
不在--->[10 0.004424778761061947, ]
不准--->[4 0.004424778761061947, ]
步--->[5 0.0017985611510791368, 8 0.0035842293906810036, ]
部--->[4 0.004424778761061947, ]
部门--->[4 0.004424778761061947, 8 0.0035842293906810036, ]
部署--->[8 0.0035842293906810036, ]
财经委--->[7 0.008130081300813009, ]
财税--->[5 0.0017985611510791368, ]
财物--->[6 0.002857142857142857, 7 0.008130081300813009, ]
财政部--->[5 0.0017985611510791368, ]
财政学--->[5 0.0017985611510791368, ]
财政资金--->[6 0.005714285714285714, ]
采取有效--->[4 0.004424778761061947, ]
采收--->[10 0.004424778761061947, ]
参考--->[1 0.002638522427440633, 5 0.0017985611510791368, ]
残留--->[4 0.004424778761061947, ]
草案--->[5 0.00539568345323741, ]
测算--->[5 0.0017985611510791368, ]
查明--->[7 0.008130081300813009, ]
查找--->[8 0.0035842293906810036, ]
差异--->[5 0.0017985611510791368, ]
拆除--->[4 0.022123893805309734, ]
产量--->[10 0.004424778761061947, ]
场--->[8 0.0035842293906810036, ]
常委--->[6 0.005714285714285714, 8 0.0035842293906810036, ]
常务--->[6 0.002857142857142857, ]
常住人口--->[5 0.0017985611510791368, ]
长达--->[5 0.0017985611510791368, ]
长平--->[5 0.0017985611510791368, ]
长期--->[6 0.002857142857142857, 10 0.004424778761061947, ]
倡议--->[2 0.0017543859649122807, ]
超--->[6 0.011428571428571429, ]
超过--->[5 0.0017985611510791368, ]
陈家记--->[7 0.056910569105691054, ]
陈树隆--->[6 0.02857142857142857, ]
陈树堂--->[6 0.005714285714285714, ]
称--->[1 0.005277044854881266, 2 0.0017543859649122807, 3 0.020618556701030927, 5 0.0035971223021582736, ]
称赞--->[1 0.002638522427440633, ]
城镇--->[5 0.008992805755395683, ]
城镇居民--->[5 0.0035971223021582736, ]
城镇职工--->[5 0.0017985611510791368, ]
成本--->[5 0.0017985611510791368, ]
成果--->[2 0.0017543859649122807, ]
成交--->[6 0.005714285714285714, ]
成立--->[2 0.0017543859649122807, ]
成员--->[2 0.005263157894736842, 8 0.0035842293906810036, ]
程序--->[5 0.0017985611510791368, ]
诚信--->[8 0.0035842293906810036, ]
承诺--->[1 0.005277044854881266, 2 0.0017543859649122807, ]
承认--->[1 0.002638522427440633, ]
吃--->[6 0.002857142857142857, ]
吃饭--->[5 0.0017985611510791368, ]
充分发挥--->[8 0.0035842293906810036, ]
充满--->[2 0.0017543859649122807, ]
初步--->[1 0.002638522427440633, ]
出让--->[6 0.002857142857142857, ]
出让金--->[6 0.002857142857142857, ]
出身--->[1 0.002638522427440633, ]
出席--->[2 0.005263157894736842, ]
出席会议--->[8 0.0035842293906810036, ]
处置--->[4 0.017699115044247787, ]
传达--->[2 0.0017543859649122807, ]
传递--->[1 0.002638522427440633, ]
创下--->[6 0.002857142857142857, ]
创新--->[8 0.007168458781362007, ]
创造--->[1 0.002638522427440633, 2 0.0017543859649122807, 9 0.007692307692307693, ]
创造力--->[8 0.0035842293906810036, ]
次--->[2 0.0017543859649122807, ]
措施--->[4 0.008849557522123894, 8 0.0035842293906810036, ]
达成--->[2 0.0017543859649122807, ]
答--->[2 0.007017543859649123, 9 0.007692307692307693, ]
答案--->[5 0.0017985611510791368, ]
打出--->[1 0.005277044854881266, ]
打工--->[10 0.008849557522123894, ]
打造--->[8 0.0035842293906810036, ]
大病--->[5 0.0017985611510791368, ]
大幅度--->[1 0.002638522427440633, ]
大官--->[6 0.002857142857142857, ]
大好--->[10 0.004424778761061947, ]
大陆--->[10 0.02654867256637168, ]
大肆--->[6 0.002857142857142857, ]
大选--->[1 0.018469656992084433, 2 0.007017543859649123, 3 0.020618556701030927, ]
大增--->[10 0.004424778761061947, ]
带病--->[4 0.004424778761061947, ]
带动--->[1 0.002638522427440633, ]
带来--->[2 0.0017543859649122807, ]
带领--->[1 0.002638522427440633, ]
带入--->[6 0.002857142857142857, ]
带上来--->[10 0.004424778761061947, ]
代表--->[2 0.0035087719298245615, ]
贷款--->[6 0.002857142857142857, ]
担任--->[6 0.008571428571428572, 7 0.008130081300813009, ]
担忧--->[1 0.002638522427440633, ]
单边主义--->[2 0.0017543859649122807, 9 0.007692307692307693, ]
单独--->[5 0.0017985611510791368, ]
单身--->[5 0.0017985611510791368, ]
单位--->[5 0.007194244604316547, ]
当日--->[6 0.002857142857142857, ]
当选--->[1 0.005277044854881266, 2 0.0017543859649122807, 3 0.010309278350515464, ]
党--->[2 0.0017543859649122807, 8 0.0035842293906810036, ]
党内--->[6 0.002857142857142857, ]
刀刃--->[8 0.0035842293906810036, ]
导向--->[8 0.014336917562724014, ]
导致--->[5 0.0017985611510791368, 6 0.002857142857142857, ]
道--->[1 0.002638522427440633, ]
道德上--->[6 0.002857142857142857, ]
道路--->[2 0.0017543859649122807, 3 0.010309278350515464, ]
德--->[9 0.023076923076923078, ]
德国--->[9 0.038461538461538464, ]
德政府--->[9 0.007692307692307693, ]
等于--->[5 0.0017985611510791368, ]
低--->[5 0.00539568345323741, ]
低薪--->[10 0.004424778761061947, ]
低于--->[5 0.0035971223021582736, ]
地方--->[5 0.0017985611510791368, ]
地区--->[1 0.002638522427440633, 2 0.0035087719298245615, ]
地位--->[2 0.0017543859649122807, ]
第一--->[1 0.002638522427440633, 5 0.0017985611510791368, 6 0.002857142857142857, ]
弟弟--->[6 0.005714285714285714, ]
点--->[1 0.002638522427440633, ]
电视电话会议--->[8 0.0035842293906810036, ]
电视讲话--->[2 0.0017543859649122807, ]
电讯报--->[1 0.002638522427440633, ]
调节--->[5 0.0017985611510791368, ]
调整--->[1 0.002638522427440633, 5 0.0035971223021582736, ]
东盟--->[2 0.010526315789473684, ]
东盟地区--->[2 0.0017543859649122807, ]
东亚--->[2 0.0035087719298245615, ]
斗争--->[1 0.002638522427440633, ]
都会--->[1 0.002638522427440633, ]
都让人--->[6 0.002857142857142857, ]
督查--->[8 0.0035842293906810036, ]
督促--->[8 0.0035842293906810036, ]
堵点--->[8 0.0035842293906810036, ]
杜莉--->[5 0.0017985611510791368, ]
短缺--->[1 0.002638522427440633, ]
队--->[1 0.002638522427440633, ]
队长--->[1 0.002638522427440633, ]
对此--->[1 0.002638522427440633, 2 0.0035087719298245615, 3 0.010309278350515464, 9 0.015384615384615385, ]
对华--->[2 0.0017543859649122807, ]
对华关系--->[2 0.0017543859649122807, ]
对华政策--->[1 0.002638522427440633, ]
多边--->[2 0.0035087719298245615, 9 0.007692307692307693, ]
多边贸易--->[2 0.005263157894736842, ]
多元--->[5 0.0017985611510791368, ]
多种--->[5 0.0035971223021582736, ]
俄罗斯--->[2 0.0017543859649122807, ]
额--->[5 0.0017985611510791368, ]
额度--->[5 0.0017985611510791368, ]
恶劣--->[4 0.004424778761061947, ]
恶势力--->[1 0.002638522427440633, ]
发表--->[1 0.002638522427440633, 2 0.005263157894736842, ]
发出--->[2 0.0017543859649122807, ]
发大财--->[6 0.002857142857142857, ]
发电能力--->[1 0.002638522427440633, ]
发挥--->[2 0.0017543859649122807, 3 0.010309278350515464, 8 0.0035842293906810036, 9 0.007692307692307693, ]
发生--->[4 0.017699115044247787, ]
发现--->[5 0.0017985611510791368, ]
发言人--->[1 0.005277044854881266, 2 0.0017543859649122807, 3 0.010309278350515464, 9 0.007692307692307693, ]
发展--->[1 0.0079155672823219, 2 0.01929824561403509, 3 0.020618556701030927, 6 0.002857142857142857, ]
发展势头--->[9 0.007692307692307693, ]
发展中国家--->[2 0.008771929824561403, ]
发自内心--->[1 0.002638522427440633, ]
罚金--->[7 0.008130081300813009, ]
法律--->[8 0.0035842293906810036, ]
法庭--->[6 0.002857142857142857, 7 0.008130081300813009, ]
法庭上--->[6 0.002857142857142857, ]
法院--->[7 0.016260162601626018, ]
反--->[10 0.004424778761061947, ]
反对--->[2 0.0035087719298245615, ]
反腐--->[2 0.0017543859649122807, ]
反腐败--->[1 0.002638522427440633, ]
返还--->[6 0.002857142857142857, ]
犯罪事实--->[7 0.008130081300813009, ]
方法--->[8 0.0035842293906810036, ]
方式--->[5 0.0017985611510791368, 8 0.0035842293906810036, ]
方向--->[2 0.0017543859649122807, ]
房贷--->[5 0.0035971223021582736, ]
防范--->[4 0.004424778761061947, ]
防范措施--->[4 0.008849557522123894, ]
访--->[2 0.007017543859649123, ]
访华--->[2 0.0035087719298245615, ]
访问--->[2 0.007017543859649123, ]
放--->[8 0.03225806451612903, ]
菲尔德--->[9 0.007692307692307693, ]
非--->[5 0.0017985611510791368, ]
非法--->[6 0.005714285714285714, 7 0.008130081300813009, ]
非歧视--->[2 0.0017543859649122807, ]
非同寻常--->[1 0.002638522427440633, ]
飞机--->[9 0.015384615384615385, ]
废弃--->[4 0.01327433628318584, ]
废弃物--->[4 0.01327433628318584, ]
费用--->[5 0.0017985611510791368, ]
分--->[4 0.004424778761061947, ]
分类--->[8 0.0035842293906810036, ]
分析--->[1 0.002638522427440633, 10 0.004424778761061947, ]
纷纷--->[1 0.002638522427440633, ]
峰会--->[2 0.0035087719298245615, ]
风险--->[2 0.0017543859649122807, 4 0.008849557522123894, ]
风险意识--->[4 0.008849557522123894, ]
佛山市中级人民法院--->[7 0.008130081300813009, ]
否--->[1 0.002638522427440633, ]
否决--->[9 0.023076923076923078, ]
夫妻--->[5 0.0035971223021582736, ]
符合--->[2 0.0017543859649122807, 3 0.010309278350515464, ]
符合条件--->[10 0.004424778761061947, ]
服务--->[8 0.0035842293906810036, ]
服务型--->[8 0.0035842293906810036, ]
服务中心--->[6 0.002857142857142857, ]
抚育--->[5 0.0017985611510791368, ]
腐败--->[1 0.002638522427440633, ]
赴--->[9 0.007692307692307693, 10 0.022123893805309734, ]
副省长--->[6 0.008571428571428572, ]
副市长--->[6 0.002857142857142857, ]
副总理--->[8 0.0035842293906810036, ]
副组长--->[8 0.0035842293906810036, ]
复产--->[4 0.022123893805309734, ]
复旦大学经济学院--->[5 0.0035971223021582736, ]
复杂多变--->[2 0.0017543859649122807, ]
负担--->[5 0.007194244604316547, ]
负责同志--->[8 0.007168458781362007, ]
富有成效--->[2 0.0017543859649122807, ]
附加--->[5 0.008992805755395683, ]
改变--->[1 0.002638522427440633, ]
改成--->[10 0.004424778761061947, ]
改革--->[8 0.03942652329749104, ]
改善--->[1 0.005277044854881266, 8 0.0035842293906810036, ]
感受--->[8 0.0035842293906810036, ]
感受到--->[8 0.0035842293906810036, ]
感言--->[1 0.002638522427440633, ]
岗位--->[6 0.002857142857142857, ]
港币--->[7 0.008130081300813009, ]
高--->[5 0.01079136690647482, ]
高达--->[6 0.002857142857142857, 10 0.004424778761061947, ]
高度评价--->[2 0.0017543859649122807, ]
高水平--->[9 0.007692307692307693, ]
高温--->[4 0.008849557522123894, ]
稿酬--->[5 0.0035971223021582736, ]
革新--->[8 0.0035842293906810036, ]
个人所得税法--->[5 0.0017985611510791368, ]
个税--->[5 0.02158273381294964, ]
个税法--->[5 0.0035971223021582736, ]
各地区--->[4 0.004424778761061947, ]
各类--->[4 0.004424778761061947, ]
各项--->[5 0.0035971223021582736, ]
各项改革--->[8 0.0035842293906810036, ]
给出--->[5 0.0017985611510791368, ]
给予--->[2 0.0017543859649122807, 3 0.020618556701030927, 6 0.005714285714285714, 7 0.008130081300813009, ]
根据地--->[1 0.002638522427440633, ]
更大--->[1 0.002638522427440633, 2 0.0017543859649122807, 5 0.0017985611510791368, ]
更好--->[2 0.0017543859649122807, 8 0.0035842293906810036, ]
更是--->[1 0.005277044854881266, ]
耿爽--->[1 0.005277044854881266, 2 0.0017543859649122807, 3 0.020618556701030927, 9 0.007692307692307693, ]
工--->[4 0.008849557522123894, 10 0.008849557522123894, ]
工程--->[1 0.002638522427440633, ]
工房--->[4 0.01327433628318584, ]
工人--->[10 0.008849557522123894, ]
工资--->[5 0.00539568345323741, 10 0.004424778761061947, ]
工作--->[4 0.01327433628318584, 5 0.0017985611510791368, 8 0.010752688172043012, 10 0.004424778761061947, ]
供述--->[7 0.008130081300813009, ]
公安部--->[4 0.004424778761061947, ]
公布--->[5 0.0017985611510791368, ]
公开--->[1 0.002638522427440633, 6 0.002857142857142857, 7 0.008130081300813009, 8 0.0035842293906810036, ]
公路--->[1 0.002638522427440633, ]
公平--->[9 0.007692307692307693, ]
公平性--->[5 0.0017985611510791368, ]
公司--->[5 0.0017985611510791368, 9 0.015384615384615385, ]
公众--->[5 0.0035971223021582736, ]
共计--->[6 0.022857142857142857, 7 0.008130081300813009, ]
共识--->[2 0.0035087719298245615, ]
共赢--->[2 0.0035087719298245615, ]
沟通--->[2 0.0035087719298245615, ]
股票--->[6 0.008571428571428572, ]
固定--->[5 0.0017985611510791368, ]
关闭--->[4 0.01327433628318584, ]
关系--->[1 0.0079155672823219, 2 0.008771929824561403, ]
关心--->[2 0.0035087719298245615, ]
关注--->[2 0.0017543859649122807, 5 0.0035971223021582736, 9 0.007692307692307693, ]
官方--->[4 0.004424778761061947, ]
官网--->[6 0.002857142857142857, ]
观看--->[1 0.002638522427440633, ]
管服--->[8 0.03225806451612903, ]
管理--->[4 0.004424778761061947, 6 0.002857142857142857, 10 0.004424778761061947, ]
管理部--->[4 0.008849557522123894, ]
管理混乱--->[4 0.01327433628318584, ]
贯彻--->[8 0.0035842293906810036, ]
贯彻落实--->[8 0.0035842293906810036, ]
广东--->[7 0.008130081300813009, ]
广东省--->[7 0.008130081300813009, ]
广东省人大--->[7 0.008130081300813009, ]
广丰--->[4 0.004424778761061947, ]
规--->[4 0.004424778761061947, ]
规范--->[6 0.002857142857142857, 8 0.0035842293906810036, ]
规则--->[2 0.008771929824561403, 8 0.0035842293906810036, ]
桂强--->[1 0.002638522427440633, 3 0.010309278350515464, 4 0.004424778761061947, 5 0.0017985611510791368, 8 0.0035842293906810036, 9 0.007692307692307693, ]
国--->[1 0.005277044854881266, 2 0.007017543859649123, 9 0.015384615384615385, ]
国和--->[2 0.0017543859649122807, ]
国会--->[2 0.0017543859649122807, 3 0.010309278350515464, ]
国际--->[2 0.008771929824561403, 3 0.010309278350515464, ]
国际形势--->[2 0.0017543859649122807, ]
国家--->[2 0.021052631578947368, 3 0.010309278350515464, 6 0.005714285714285714, ]
国家安全监管总局--->[4 0.004424778761061947, ]
国家电网--->[1 0.002638522427440633, ]
国民--->[2 0.0017543859649122807, ]
国内--->[1 0.002638522427440633, ]
国情--->[2 0.0017543859649122807, 3 0.010309278350515464, ]
国务委员--->[2 0.014035087719298246, 8 0.0035842293906810036, ]
国务院--->[8 0.014336917562724014, ]
国务院办公厅--->[6 0.002857142857142857, ]
国有土地--->[6 0.002857142857142857, ]
国债--->[6 0.002857142857142857, ]
果--->[10 0.004424778761061947, ]
过程--->[2 0.0017543859649122807, 3 0.020618556701030927, 6 0.002857142857142857, ]
过度--->[2 0.0017543859649122807, 3 0.020618556701030927, ]
过渡--->[2 0.0017543859649122807, ]
孩子--->[5 0.0017985611510791368, ]
海--->[9 0.007692307692307693, ]
海南--->[10 0.017699115044247787, ]
海南省--->[10 0.008849557522123894, ]
韩--->[8 0.0035842293906810036, ]
韩洁--->[8 0.0035842293906810036, ]
韩正--->[8 0.014336917562724014, ]
涵盖--->[5 0.0017985611510791368, ]
核--->[9 0.015384615384615385, ]
核心--->[2 0.0017543859649122807, ]
合肥市--->[6 0.002857142857142857, ]
合适--->[5 0.00539568345323741, ]
合在一起--->[5 0.0017985611510791368, ]
合作--->[2 0.017543859649122806, ]
合作伙伴--->[1 0.002638522427440633, 2 0.0035087719298245615, ]
黑马--->[1 0.002638522427440633, ]
很大--->[5 0.0035971223021582736, ]
很好--->[2 0.0017543859649122807, ]
洪森--->[2 0.0035087719298245615, 3 0.030927835051546393, ]
红利--->[1 0.002638522427440633, ]
呼声--->[5 0.0017985611510791368, 8 0.007168458781362007, ]
呼吁--->[2 0.0017543859649122807, ]
互利--->[2 0.0017543859649122807, ]
互利合作--->[9 0.007692307692307693, ]
互联网--->[5 0.0017985611510791368, 8 0.0035842293906810036, 10 0.008849557522123894, ]
花炮--->[4 0.008849557522123894, ]
花炮厂--->[4 0.004424778761061947, ]
花销--->[5 0.0017985611510791368, ]
话语权--->[5 0.0017985611510791368, ]
环境--->[2 0.0017543859649122807, 8 0.007168458781362007, 9 0.007692307692307693, ]
环球网--->[3 0.010309278350515464, ]
黄--->[10 0.022123893805309734, ]
回应--->[2 0.0017543859649122807, 3 0.030927835051546393, 5 0.0017985611510791368, 8 0.007168458781362007, 9 0.015384615384615385, ]
会见--->[2 0.0035087719298245615, ]
会上--->[1 0.002638522427440633, ]
会晤--->[2 0.010526315789473684, ]
活动--->[6 0.002857142857142857, ]
活力--->[8 0.007168458781362007, ]
伙伴--->[1 0.002638522427440633, ]
获--->[7 0.008130081300813009, ]
获利--->[6 0.005714285714285714, ]
获胜--->[1 0.005277044854881266, ]
基层--->[8 0.0035842293906810036, ]
基础上--->[5 0.0035971223021582736, ]
基础设施--->[1 0.005277044854881266, ]
基石--->[1 0.002638522427440633, ]
机会--->[1 0.002638522427440633, ]
机器--->[10 0.004424778761061947, ]
机遇--->[2 0.0017543859649122807, ]
积极参与--->[2 0.0017543859649122807, ]
激动--->[1 0.002638522427440633, ]
激发--->[8 0.0035842293906810036, ]
集团--->[9 0.007692307692307693, ]
急需--->[1 0.002638522427440633, ]
级距--->[5 0.0017985611510791368, ]
技术--->[10 0.008849557522123894, ]
计算--->[5 0.0017985611510791368, ]
计算公式--->[5 0.0017985611510791368, ]
记者--->[1 0.002638522427440633, 3 0.010309278350515464, 8 0.0035842293906810036, ]
记者会--->[2 0.0017543859649122807, 3 0.010309278350515464, 9 0.007692307692307693, ]
继续教育--->[5 0.0017985611510791368, ]
家--->[5 0.0017985611510791368, ]
家庭--->[5 0.00539568345323741, ]
加--->[5 0.0017985611510791368, ]
加剧--->[9 0.007692307692307693, ]
加快--->[8 0.0035842293906810036, ]
加强团结--->[2 0.0017543859649122807, ]
加总--->[5 0.0017985611510791368, ]
价值观--->[6 0.002857142857142857, ]
监管--->[8 0.021505376344086023, ]
监禁--->[6 0.002857142857142857, ]
监狱--->[6 0.002857142857142857, ]
坚定--->[1 0.002638522427440633, 2 0.0017543859649122807, ]
兼--->[2 0.005263157894736842, ]
兼任--->[2 0.0017543859649122807, ]
检查--->[4 0.004424778761061947, ]
检方--->[6 0.008571428571428572, ]
柬埔寨--->[2 0.010526315789473684, 3 0.07216494845360824, ]
简便--->[5 0.0017985611510791368, ]
简单--->[5 0.0017985611510791368, ]
简政放权--->[8 0.0035842293906810036, ]
减免--->[5 0.0017985611510791368, ]
减贫--->[2 0.0017543859649122807, ]
减税--->[5 0.0035971223021582736, ]
健康--->[8 0.0035842293906810036, ]
健全--->[8 0.0035842293906810036, ]
建立--->[1 0.005277044854881266, 2 0.0017543859649122807, 8 0.0035842293906810036, ]
建设--->[1 0.002638522427440633, 2 0.0035087719298245615, 6 0.002857142857142857, 8 0.0035842293906810036, ]
建设性--->[2 0.0017543859649122807, 3 0.010309278350515464, ]
建言--->[5 0.0017985611510791368, ]
建议--->[5 0.00539568345323741, 8 0.0035842293906810036, ]
江西--->[4 0.008849557522123894, ]
江西省--->[4 0.004424778761061947, ]
讲--->[5 0.0017985611510791368, ]
降低--->[5 0.0035971223021582736, ]
焦点--->[5 0.0017985611510791368, ]
交给--->[5 0.0017985611510791368, ]
交好--->[1 0.002638522427440633, ]
交换--->[2 0.0017543859649122807, ]
交换意见--->[2 0.0035087719298245615, ]
交往--->[2 0.0017543859649122807, ]
交易--->[6 0.005714285714285714, ]
角度--->[5 0.0017985611510791368, ]
教授--->[5 0.01079136690647482, 10 0.004424778761061947, ]
教训--->[4 0.004424778761061947, ]
教育--->[5 0.0035971223021582736, ]
教育费--->[5 0.0017985611510791368, ]
较大--->[4 0.004424778761061947, ]
揭晓--->[1 0.002638522427440633, ]
接单--->[10 0.008849557522123894, ]
接续--->[2 0.0017543859649122807, ]
阶层--->[5 0.0017985611510791368, ]
截图--->[1 0.002638522427440633, ]
节--->[10 0.008849557522123894, ]
结束--->[5 0.0017985611510791368, ]
解决--->[8 0.007168458781362007, 10 0.01327433628318584, ]
解决方案--->[10 0.004424778761061947, ]
借鉴--->[2 0.0017543859649122807, ]
介绍--->[1 0.005277044854881266, 2 0.0035087719298245615, ]
金额--->[6 0.005714285714285714, ]
金色--->[2 0.0017543859649122807, ]
金砖--->[2 0.014035087719298246, ]
今日--->[4 0.004424778761061947, ]
紧紧围绕--->[8 0.0035842293906810036, ]
进一步--->[2 0.0035087719298245615, 5 0.0035971223021582736, ]
进一步提高--->[5 0.0017985611510791368, ]
晋升--->[6 0.002857142857142857, ]
近期--->[5 0.0017985611510791368, 9 0.007692307692307693, ]
近日--->[5 0.0017985611510791368, ]
惊--->[6 0.002857142857142857, ]
精神--->[8 0.007168458781362007, ]
精准--->[8 0.0035842293906810036, ]
经济--->[1 0.013192612137203167, 2 0.005263157894736842, 5 0.0017985611510791368, 6 0.005714285714285714, 9 0.007692307692307693, ]
经济发展--->[9 0.007692307692307693, ]
经济损失--->[6 0.002857142857142857, ]
经济体--->[9 0.007692307692307693, ]
经商--->[6 0.002857142857142857, ]
经纬--->[5 0.007194244604316547, ]
经验--->[5 0.0017985611510791368, ]
竞选--->[1 0.002638522427440633, ]
就业--->[5 0.0017985611510791368, 9 0.007692307692307693, ]
就业机会--->[1 0.002638522427440633, ]
就业人口--->[5 0.0017985611510791368, ]
就业者--->[5 0.0017985611510791368, ]
就中--->[2 0.0017543859649122807, ]
居民消费--->[5 0.0017985611510791368, ]
局面--->[1 0.002638522427440633, ]
举措--->[2 0.0017543859649122807, 8 0.0035842293906810036, ]
举行会谈--->[2 0.0035087719298245615, ]
举一反三--->[4 0.004424778761061947, ]
聚焦--->[8 0.0035842293906810036, ]
巨额--->[6 0.002857142857142857, ]
攫取--->[6 0.002857142857142857, ]
决策程序--->[6 0.002857142857142857, ]
决定性--->[8 0.0035842293906810036, ]
决心--->[1 0.002638522427440633, ]
军方--->[1 0.002638522427440633, ]
俊马--->[4 0.008849557522123894, ]
卡迪尔梅蒙--->[1 0.002638522427440633, ]
开发--->[6 0.002857142857142857, ]
开放--->[2 0.0035087719298245615, 9 0.015384615384615385, ]
开放型--->[2 0.0017543859649122807, 9 0.007692307692307693, ]
开启--->[2 0.0017543859649122807, ]
开庭--->[6 0.002857142857142857, ]
开庭审理--->[6 0.002857142857142857, ]
刊发--->[1 0.002638522427440633, ]
看待--->[9 0.007692307692307693, ]
考虑到--->[5 0.0017985611510791368, ]
科--->[5 0.0017985611510791368, ]
科学合理--->[5 0.0017985611510791368, ]
可持续--->[8 0.0035842293906810036, ]
可能会--->[5 0.0017985611510791368, ]
克--->[2 0.0017543859649122807, ]
客观--->[9 0.007692307692307693, ]
客户端--->[7 0.016260162601626018, ]
扣--->[5 0.00539568345323741, ]
扣除--->[5 0.025179856115107913, ]
扣除额--->[5 0.0017985611510791368, ]
苦--->[10 0.008849557522123894, ]
库房--->[4 0.008849557522123894, ]
宽--->[5 0.0017985611510791368, ]
框架--->[2 0.0017543859649122807, 9 0.007692307692307693, ]
困境--->[10 0.008849557522123894, ]
拉马福萨--->[2 0.0017543859649122807, ]
莱--->[9 0.007692307692307693, ]
来华--->[2 0.0017543859649122807, ]
来源--->[5 0.0035971223021582736, 7 0.008130081300813009, ]
滥用职权--->[6 0.005714285714285714, ]
劳务--->[5 0.0035971223021582736, ]
牢固--->[1 0.002638522427440633, ]
老虎--->[6 0.014285714285714285, ]
老人--->[5 0.0017985611510791368, ]
雷雨--->[4 0.004424778761061947, ]
累计--->[6 0.005714285714285714, ]
类--->[5 0.0017985611510791368, ]
类似--->[4 0.004424778761061947, ]
李克强--->[2 0.0017543859649122807, ]
李显龙--->[2 0.0035087719298245615, ]
李炜光--->[5 0.0035971223021582736, ]
莉--->[2 0.0017543859649122807, ]
荔枝--->[10 0.004424778761061947, ]
历次--->[5 0.0017985611510791368, ]
历经--->[6 0.002857142857142857, ]
利息--->[5 0.0017985611510791368, ]
利益--->[2 0.0017543859649122807, 6 0.002857142857142857, 7 0.016260162601626018, ]
利用--->[6 0.005714285714285714, 7 0.016260162601626018, 10 0.004424778761061947, ]
利用职权--->[6 0.002857142857142857, ]
例外--->[5 0.0017985611510791368, ]
例行--->[1 0.002638522427440633, 2 0.0017543859649122807, 3 0.010309278350515464, 9 0.007692307692307693, ]
联合--->[5 0.0017985611510791368, ]
联名--->[5 0.0017985611510791368, ]
莲雾--->[10 0.017699115044247787, ]
敛财--->[6 0.008571428571428572, ]
两--->[1 0.005277044854881266, 2 0.007017543859649123, 9 0.015384615384615385, ]
两方--->[5 0.0017985611510791368, ]
两国关系--->[2 0.0035087719298245615, ]
两国间--->[1 0.005277044854881266, ]
两国人民--->[1 0.002638522427440633, 2 0.0017543859649122807, ]
量--->[10 0.004424778761061947, ]
量刑--->[7 0.008130081300813009, ]
亮点--->[5 0.0017985611510791368, ]
列席会议--->[8 0.0035842293906810036, ]
临时工--->[10 0.008849557522123894, ]
邻邦--->[2 0.0017543859649122807, ]
邻国--->[1 0.002638522427440633, ]
零部件--->[9 0.015384615384615385, ]
领导人--->[2 0.014035087719298246, ]
留言--->[1 0.002638522427440633, ]
陆--->[10 0.017699115044247787, ]
轮值--->[2 0.0017543859649122807, ]
论坛--->[2 0.0035087719298245615, ]
落幕--->[1 0.002638522427440633, ]
落实--->[2 0.0017543859649122807, 4 0.008849557522123894, 8 0.0035842293906810036, ]
玛--->[2 0.0017543859649122807, ]
马--->[2 0.0035087719298245615, ]
马方--->[2 0.0017543859649122807, ]
马哈蒂尔--->[2 0.0035087719298245615, ]
马来西亚--->[2 0.008771929824561403, ]
买入--->[6 0.005714285714285714, ]
卖--->[10 0.008849557522123894, ]
卖不掉--->[10 0.004424778761061947, ]
迈向--->[9 0.007692307692307693, ]
贸易--->[2 0.0017543859649122807, ]
梅尔--->[2 0.0017543859649122807, ]
媒体--->[1 0.0079155672823219, ]
媒体报道--->[9 0.007692307692307693, ]
每次--->[5 0.0017985611510791368, ]
每日--->[1 0.002638522427440633, 10 0.008849557522123894, ]
每月--->[5 0.008992805755395683, ]
美国--->[1 0.005277044854881266, ]
美元--->[7 0.008130081300813009, ]
孟亚旭--->[6 0.002857142857142857, ]
秘书长--->[6 0.005714285714285714, ]
免征--->[5 0.0017985611510791368, ]
面--->[5 0.0017985611510791368, ]
面对--->[2 0.0017543859649122807, 9 0.007692307692307693, ]
面积--->[10 0.004424778761061947, ]
民众--->[1 0.0079155672823219, 5 0.0017985611510791368, ]
敏感期--->[6 0.002857142857142857, ]
明星--->[1 0.002638522427440633, ]
名--->[1 0.002638522427440633, ]
模式--->[1 0.002638522427440633, ]
莫迪--->[2 0.0017543859649122807, ]
谋取--->[7 0.016260162601626018, ]
目标--->[8 0.014336917562724014, ]
拿出--->[6 0.002857142857142857, ]
纳入--->[5 0.0017985611510791368, ]
纳税人--->[5 0.00539568345323741, ]
南方--->[7 0.016260162601626018, ]
南非--->[2 0.0035087719298245615, 7 0.008130081300813009, ]
南华早报--->[1 0.005277044854881266, ]
内幕--->[6 0.02, ]
内容--->[5 0.0017985611510791368, 9 0.007692307692307693, ]
内政--->[2 0.0017543859649122807, 3 0.010309278350515464, ]
能力--->[8 0.0035842293906810036, ]
能源--->[1 0.002638522427440633, ]
拟--->[4 0.004424778761061947, 9 0.007692307692307693, 10 0.004424778761061947, ]
年--->[1 0.005277044854881266, 2 0.0035087719298245615, 3 0.010309278350515464, 4 0.004424778761061947, 5 0.007194244604316547, 6 0.022857142857142857, 7 0.032520325203252036, 10 0.008849557522123894, ]
年会--->[2 0.0017543859649122807, ]
聂日明--->[5 0.0035971223021582736, ]
凝聚力--->[2 0.0017543859649122807, ]
扭曲--->[6 0.002857142857142857, ]
农工--->[10 0.008849557522123894, ]
农民--->[10 0.004424778761061947, ]
农业--->[10 0.030973451327433628, ]
努力--->[1 0.002638522427440633, 2 0.0017543859649122807, ]
努力学习--->[2 0.0017543859649122807, ]
女士--->[5 0.0035971223021582736, ]
排查--->[4 0.01327433628318584, ]
派--->[2 0.0017543859649122807, ]
攀附--->[6 0.002857142857142857, ]
攀升--->[10 0.004424778761061947, ]
判处--->[7 0.008130081300813009, ]
判决--->[7 0.008130081300813009, ]
培训--->[8 0.0035842293906810036, ]
批--->[1 0.002638522427440633, ]
批评--->[2 0.0017543859649122807, 3 0.010309278350515464, 10 0.004424778761061947, ]
贫困--->[1 0.002638522427440633, ]
平衡--->[2 0.0017543859649122807, ]
平均工资--->[5 0.0035971223021582736, ]
评--->[10 0.004424778761061947, ]
评价--->[2 0.0017543859649122807, ]
评论--->[2 0.0017543859649122807, 9 0.007692307692307693, ]
评判--->[8 0.0035842293906810036, ]
普遍认为--->[1 0.002638522427440633, ]
普惠--->[2 0.0017543859649122807, ]
普惠制--->[5 0.0017985611510791368, ]
普京--->[2 0.0017543859649122807, ]
期待--->[2 0.0017543859649122807, 5 0.0035971223021582736, ]
期间--->[2 0.0035087719298245615, 6 0.005714285714285714, 7 0.008130081300813009, ]
妻儿--->[7 0.008130081300813009, ]
妻子--->[6 0.005714285714285714, ]
其三--->[6 0.002857142857142857, ]
旗号--->[1 0.002638522427440633, ]
旗帜鲜明--->[2 0.0017543859649122807, ]
起征点--->[5 0.03597122302158273, ]
企--->[9 0.007692307692307693, ]
企业--->[4 0.04424778761061947, 6 0.008571428571428572, 8 0.0035842293906810036, 9 0.015384615384615385, 10 0.008849557522123894, ]
企业所得税--->[5 0.0017985611510791368, ]
气象预报--->[4 0.004424778761061947, ]
汽车--->[9 0.007692307692307693, ]
钱款--->[7 0.008130081300813009, ]
前--->[1 0.005277044854881266, ]
强--->[10 0.004424778761061947, ]
强化--->[4 0.008849557522123894, 8 0.007168458781362007, ]
强有力--->[1 0.002638522427440633, ]
抢--->[10 0.004424778761061947, ]
切实--->[4 0.004424778761061947, ]
青年--->[10 0.004424778761061947, ]
清理--->[4 0.008849557522123894, ]
清远市--->[7 0.024390243902439025, ]
情比金坚--->[1 0.002638522427440633, ]
情况--->[2 0.0017543859649122807, 4 0.004424778761061947, 5 0.0017985611510791368, 8 0.0035842293906810036, ]
情况下--->[5 0.0035971223021582736, ]
请--->[2 0.0017543859649122807, ]
请到--->[10 0.004424778761061947, ]
穷人--->[1 0.002638522427440633, ]
区--->[4 0.004424778761061947, ]
区域合作--->[2 0.0017543859649122807, ]
渠道--->[8 0.0035842293906810036, ]
取代--->[10 0.004424778761061947, ]
去年--->[6 0.002857142857142857, ]
全方位--->[2 0.0017543859649122807, ]
全国--->[5 0.00539568345323741, 8 0.0035842293906810036, ]
全家人--->[5 0.0017985611510791368, ]
全球化--->[2 0.0017543859649122807, ]
全社会--->[8 0.0035842293906810036, ]
全体会议--->[8 0.007168458781362007, ]
全天候--->[1 0.002638522427440633, ]
缺--->[10 0.008849557522123894, ]
确保--->[8 0.0035842293906810036, ]
群众--->[1 0.002638522427440633, 8 0.014336917562724014, ]
燃爆--->[4 0.004424778761061947, ]
热带--->[10 0.004424778761061947, ]
热点--->[9 0.007692307692307693, ]
人大--->[5 0.0017985611510791368, ]
人工--->[10 0.004424778761061947, ]
人工成本--->[10 0.004424778761061947, ]
人均--->[5 0.0035971223021582736, ]
人口--->[10 0.008849557522123894, ]
人力--->[10 0.004424778761061947, ]
人民币--->[5 0.0017985611510791368, 6 0.022857142857142857, 7 0.008130081300813009, 10 0.004424778761061947, ]
人民满意--->[8 0.0035842293906810036, ]
人民日报--->[6 0.002857142857142857, ]
人民政府--->[4 0.004424778761061947, ]
人生观--->[6 0.002857142857142857, ]
人士--->[1 0.002638522427440633, ]
人头--->[5 0.0017985611510791368, ]
人员--->[4 0.008849557522123894, 5 0.0017985611510791368, 6 0.002857142857142857, ]
日--->[1 0.0079155672823219, 2 0.017543859649122806, 3 0.030927835051546393, 4 0.004424778761061947, 5 0.0035971223021582736, 6 0.002857142857142857, 7 0.008130081300813009, 8 0.0035842293906810036, 9 0.007692307692307693, 10 0.004424778761061947, ]
日产--->[10 0.004424778761061947, ]
日常--->[4 0.008849557522123894, ]
日电--->[4 0.004424778761061947, 8 0.0035842293906810036, ]
融资--->[6 0.002857142857142857, ]
如实--->[7 0.008130081300813009, ]
如数家珍--->[1 0.002638522427440633, ]
入股--->[6 0.002857142857142857, ]
入口--->[1 0.002638522427440633, ]
赛夫丁--->[2 0.0035087719298245615, ]
扫除--->[1 0.002638522427440633, ]
擅自决定--->[6 0.005714285714285714, ]
赡养--->[5 0.00539568345323741, ]
赡养费--->[5 0.0017985611510791368, ]
善后工作--->[4 0.004424778761061947, ]
商品交换--->[6 0.002857142857142857, ]
上调--->[5 0.0017985611510791368, ]
上海金融与法律研究院--->[5 0.0017985611510791368, ]
上缴国库--->[7 0.008130081300813009, ]
上饶--->[4 0.004424778761061947, ]
上饶市--->[4 0.004424778761061947, ]
上台--->[1 0.002638522427440633, ]
上午--->[4 0.004424778761061947, 7 0.008130081300813009, ]
上周--->[2 0.0017543859649122807, ]
摄--->[5 0.0017985611510791368, ]
涉--->[4 0.004424778761061947, 6 0.008571428571428572, ]
涉嫌--->[6 0.005714285714285714, ]
社--->[10 0.004424778761061947, ]
社会--->[2 0.0017543859649122807, 3 0.010309278350515464, 5 0.0017985611510791368, 8 0.0035842293906810036, ]
社交--->[1 0.002638522427440633, ]
设备--->[6 0.002857142857142857, 9 0.015384615384615385, ]
设计--->[5 0.0017985611510791368, ]
设为--->[5 0.0035971223021582736, ]
设在--->[5 0.0017985611510791368, ]
设置--->[5 0.0017985611510791368, ]
申报--->[5 0.01079136690647482, ]
深厚--->[1 0.002638522427440633, ]
深化--->[2 0.0017543859649122807, 8 0.010752688172043012, ]
深刻--->[4 0.004424778761061947, ]
审理--->[7 0.008130081300813009, ]
审议--->[8 0.0035842293906810036, ]
生产--->[4 0.017699115044247787, 9 0.015384615384615385, ]
生活--->[1 0.002638522427440633, 2 0.0017543859649122807, 3 0.010309278350515464, 5 0.0017985611510791368, 6 0.002857142857142857, ]
生涯--->[1 0.002638522427440633, ]
生意--->[10 0.004424778761061947, ]
胜--->[1 0.0079155672823219, ]
失业问题--->[10 0.004424778761061947, ]
施--->[5 0.0035971223021582736, ]
施策--->[8 0.0035842293906810036, ]
十--->[2 0.0035087719298245615, ]
十九--->[8 0.0035842293906810036, ]
十三--->[7 0.008130081300813009, ]
时--->[1 0.002638522427440633, 2 0.0017543859649122807, 4 0.022123893805309734, 7 0.008130081300813009, ]
时间--->[1 0.002638522427440633, 6 0.002857142857142857, ]
时艰--->[2 0.0017543859649122807, ]
时期--->[10 0.004424778761061947, ]
实施--->[8 0.0035842293906810036, ]
实实在在--->[2 0.0017543859649122807, 8 0.0035842293906810036, ]
使用费--->[5 0.0017985611510791368, ]
使用权--->[6 0.002857142857142857, ]
世界--->[1 0.002638522427440633, 2 0.0017543859649122807, 9 0.015384615384615385, ]
世界杯--->[1 0.005277044854881266, ]
世界观--->[6 0.002857142857142857, ]
世界贸易组织--->[2 0.0017543859649122807, ]
世贸组织--->[2 0.0035087719298245615, ]
事--->[1 0.002638522427440633, 8 0.0035842293906810036, ]
事故--->[4 0.02654867256637168, ]
事后--->[8 0.0035842293906810036, ]
事实上--->[1 0.002638522427440633, ]
事项--->[5 0.0017985611510791368, ]
市场--->[2 0.008771929824561403, 8 0.014336917562724014, 10 0.004424778761061947, ]
市场准入--->[9 0.007692307692307693, ]
市长--->[6 0.002857142857142857, 7 0.008130081300813009, ]
市委书记--->[7 0.008130081300813009, ]
视界--->[1 0.002638522427440633, ]
视频--->[1 0.002638522427440633, ]
收--->[10 0.004424778761061947, ]
收到--->[5 0.0017985611510791368, ]
收购--->[9 0.015384615384615385, ]
收购案--->[9 0.007692307692307693, ]
收获--->[1 0.002638522427440633, ]
收钱--->[6 0.002857142857142857, ]
收入--->[5 0.0035971223021582736, ]
收入水平--->[5 0.0017985611510791368, ]
收受--->[6 0.002857142857142857, 7 0.024390243902439025, ]
收支--->[6 0.002857142857142857, ]
手段--->[5 0.0017985611510791368, 8 0.007168458781362007, ]
首次--->[1 0.002638522427440633, 2 0.0017543859649122807, 5 0.0017985611510791368, 9 0.007692307692307693, ]
首席--->[5 0.0017985611510791368, ]
受--->[5 0.0017985611510791368, ]
受欢迎--->[1 0.002638522427440633, ]
受贿--->[6 0.005714285714285714, 7 0.008130081300813009, ]
受贿罪--->[6 0.005714285714285714, 7 0.016260162601626018, ]
梳理--->[5 0.0017985611510791368, ]
书记--->[6 0.011428571428571429, 7 0.016260162601626018, ]
数额--->[6 0.002857142857142857, 7 0.008130081300813009, ]
数据--->[5 0.0017985611510791368, 8 0.0035842293906810036, ]
数量--->[5 0.0017985611510791368, ]
双--->[8 0.0035842293906810036, ]
双边关系--->[2 0.0035087719298245615, ]
双向--->[9 0.015384615384615385, ]
水电费--->[5 0.0017985611510791368, ]
水果--->[10 0.01327433628318584, ]
水平--->[5 0.012589928057553957, ]
税基--->[5 0.0017985611510791368, ]
税率--->[5 0.007194244604316547, ]
税收--->[5 0.0017985611510791368, ]
顺利--->[2 0.0035087719298245615, 3 0.020618556701030927, ]
顺利完成--->[2 0.0017543859649122807, ]
说--->[1 0.002638522427440633, 10 0.004424778761061947, ]
说法--->[5 0.0017985611510791368, ]
思路--->[2 0.0017543859649122807, ]
思想--->[8 0.0035842293906810036, ]
私营--->[5 0.0035971223021582736, ]
死--->[4 0.004424778761061947, ]
死缓--->[6 0.002857142857142857, ]
死亡--->[4 0.004424778761061947, ]
苏--->[5 0.0035971223021582736, ]
苏女士--->[5 0.0035971223021582736, ]
算--->[5 0.00539568345323741, ]
随机--->[8 0.0035842293906810036, ]
岁--->[1 0.002638522427440633, ]
遂--->[7 0.008130081300813009, ]
隧道--->[1 0.002638522427440633, ]
损失--->[6 0.008571428571428572, ]
所长--->[5 0.0017985611510791368, ]
所处--->[1 0.002638522427440633, ]
所得--->[5 0.00539568345323741, 7 0.008130081300813009, ]
台--->[9 0.007692307692307693, ]
台青--->[10 0.008849557522123894, ]
台商--->[10 0.022123893805309734, ]
台湾--->[10 0.048672566371681415, ]
台湾水果--->[10 0.004424778761061947, ]
台资--->[10 0.008849557522123894, ]
太低--->[5 0.0017985611510791368, 10 0.004424778761061947, ]
太好了--->[5 0.0017985611510791368, ]
贪婪--->[6 0.002857142857142857, ]
谈及--->[1 0.005277044854881266, ]
探讨--->[2 0.0017543859649122807, 5 0.0017985611510791368, ]
叹为观止--->[6 0.002857142857142857, ]
唐钧--->[5 0.0017985611510791368, ]
唐梦--->[7 0.008130081300813009, ]
讨论--->[5 0.0017985611510791368, ]
特--->[2 0.0017543859649122807, ]
特别--->[7 0.008130081300813009, ]
特色--->[8 0.0035842293906810036, ]
特使--->[2 0.0035087719298245615, ]
特许权--->[5 0.0017985611510791368, ]
提--->[1 0.002638522427440633, ]
提出--->[5 0.00539568345323741, 8 0.0035842293906810036, ]
提到--->[6 0.002857142857142857, ]
提高--->[5 0.012589928057553957, 8 0.0035842293906810036, ]
提供--->[1 0.002638522427440633, 6 0.002857142857142857, 8 0.0035842293906810036, ]
体系--->[8 0.007168458781362007, ]
体现--->[5 0.0017985611510791368, ]
体制--->[2 0.005263157894736842, ]
天--->[5 0.0017985611510791368, ]
天津财经大学--->[5 0.0017985611510791368, ]
天气--->[4 0.004424778761061947, ]
挑--->[1 0.002638522427440633, ]
铁杆--->[1 0.002638522427440633, ]
铁路--->[1 0.002638522427440633, ]
听听--->[1 0.002638522427440633, ]
停产--->[4 0.004424778761061947, ]
挺--->[5 0.0017985611510791368, ]
通报--->[4 0.004424778761061947, 6 0.002857142857142857, ]
通知--->[4 0.004424778761061947, 6 0.002857142857142857, ]
同期--->[5 0.0017985611510791368, ]
统筹--->[5 0.0017985611510791368, 8 0.0035842293906810036, ]
统一--->[5 0.0017985611510791368, 8 0.0035842293906810036, ]
痛点--->[8 0.0035842293906810036, ]
投票--->[2 0.0017543859649122807, 3 0.010309278350515464, ]
投资--->[1 0.005277044854881266, 2 0.0017543859649122807, 6 0.002857142857142857, 9 0.023076923076923078, 10 0.01327433628318584, ]
透明--->[2 0.0017543859649122807, ]
图--->[1 0.002638522427440633, 5 0.0035971223021582736, 7 0.008130081300813009, ]
土地--->[6 0.002857142857142857, ]
土地管理法--->[6 0.002857142857142857, ]
推动--->[1 0.002638522427440633, 2 0.007017543859649123, 3 0.010309278350515464, ]
推进--->[2 0.0035087719298245615, 8 0.025089605734767026, ]
推向--->[8 0.007168458781362007, ]
推销--->[10 0.004424778761061947, ]
退出--->[4 0.008849557522123894, ]
脱离--->[1 0.002638522427440633, ]
外长--->[2 0.015789473684210527, ]
外交部--->[2 0.0017543859649122807, 3 0.010309278350515464, 9 0.007692307692307693, ]
外交部长--->[2 0.005263157894736842, ]
外流--->[10 0.004424778761061947, ]
外面--->[10 0.004424778761061947, ]
外形--->[1 0.002638522427440633, ]
完善--->[8 0.0035842293906810036, ]
万--->[10 0.004424778761061947, ]
万斤--->[10 0.01327433628318584, ]
万岁--->[1 0.002638522427440633, ]
万条--->[5 0.0017985611510791368, ]
万元--->[6 0.005714285714285714, 7 0.04065040650406504, ]
万元以上--->[5 0.0017985611510791368, ]
王长勇--->[5 0.0017985611510791368, ]
王传红--->[6 0.005714285714285714, ]
王毅--->[2 0.014035087719298246, ]
王勇--->[8 0.0035842293906810036, ]
网络--->[1 0.002638522427440633, ]
网友--->[1 0.005277044854881266, ]
网站--->[1 0.002638522427440633, 4 0.004424778761061947, ]
微信--->[6 0.002857142857142857, ]
危险--->[4 0.004424778761061947, ]
危险性--->[4 0.01327433628318584, ]
韦森--->[5 0.0017985611510791368, ]
违法--->[4 0.004424778761061947, 7 0.008130081300813009, ]
违反--->[6 0.005714285714285714, ]
违规--->[4 0.004424778761061947, ]
为基础--->[2 0.0017543859649122807, ]
维护--->[2 0.007017543859649123, 9 0.015384615384615385, ]
维文--->[2 0.0035087719298245615, ]
委--->[7 0.016260162601626018, ]
未--->[4 0.017699115044247787, ]
未来--->[2 0.0017543859649122807, 5 0.0017985611510791368, 10 0.004424778761061947, ]
位--->[1 0.002638522427440633, 5 0.0035971223021582736, 6 0.002857142857142857, ]
文件--->[8 0.0035842293906810036, ]
文章--->[1 0.002638522427440633, ]
稳定--->[1 0.002638522427440633, 2 0.0035087719298245615, 3 0.010309278350515464, 9 0.007692307692307693, ]
稳妥--->[8 0.0035842293906810036, ]
问--->[2 0.007017543859649123, 9 0.007692307692307693, ]
问到--->[3 0.010309278350515464, ]
我俩--->[5 0.0017985611510791368, ]
无论谁--->[1 0.002638522427440633, ]
芜湖市--->[6 0.002857142857142857, ]
芜湖市委--->[6 0.008571428571428572, ]
吴金明--->[6 0.002857142857142857, 7 0.008130081300813009, 10 0.004424778761061947, ]
物--->[4 0.004424778761061947, ]
物价--->[5 0.0017985611510791368, ]
物价水平--->[5 0.0017985611510791368, ]
物业费--->[5 0.0017985611510791368, ]
务实--->[2 0.0017543859649122807, ]
吸取--->[4 0.004424778761061947, ]
希望--->[1 0.005277044854881266, 2 0.005263157894736842, 3 0.010309278350515464, 9 0.007692307692307693, ]
习近平--->[2 0.0017543859649122807, 8 0.0035842293906810036, ]
系--->[6 0.002857142857142857, ]
系列--->[2 0.0017543859649122807, ]
系数--->[5 0.0035971223021582736, ]
下午--->[1 0.002638522427440633, ]
厦门市--->[6 0.005714285714285714, ]
先进经验--->[2 0.0017543859649122807, ]
现场--->[4 0.004424778761061947, ]
现代化--->[8 0.0035842293906810036, ]
现任--->[2 0.0017543859649122807, ]
现象--->[10 0.004424778761061947, ]
现状--->[1 0.002638522427440633, ]
陷入--->[10 0.004424778761061947, ]
相比--->[10 0.008849557522123894, ]
相关--->[4 0.008849557522123894, 6 0.011428571428571429, 9 0.007692307692307693, ]
香港--->[1 0.005277044854881266, ]
想--->[6 0.005714285714285714, ]
想要--->[1 0.002638522427440633, ]
项--->[5 0.0035971223021582736, 6 0.002857142857142857, ]
项目--->[1 0.002638522427440633, 6 0.005714285714285714, ]
向心力--->[2 0.0017543859649122807, ]
销量--->[10 0.004424778761061947, ]
销售--->[10 0.004424778761061947, ]
消费--->[5 0.0035971223021582736, ]
消费量--->[10 0.004424778761061947, ]
消费性--->[5 0.0035971223021582736, ]
消息--->[4 0.004424778761061947, 7 0.008130081300813009, ]
小组--->[8 0.021505376344086023, ]
效仿--->[1 0.002638522427440633, ]
效率--->[5 0.0017985611510791368, ]
效应--->[1 0.002638522427440633, ]
协调--->[2 0.0035087719298245615, 8 0.025089605734767026, ]
协会会长--->[10 0.008849557522123894, ]
写道--->[1 0.002638522427440633, ]
写有--->[1 0.002638522427440633, ]
泄露--->[6 0.008571428571428572, ]
薪金--->[5 0.00539568345323741, ]
薪水--->[10 0.004424778761061947, ]
欣喜--->[1 0.002638522427440633, ]
新--->[1 0.005277044854881266, 2 0.005263157894736842, ]
新方--->[2 0.0017543859649122807, ]
新华社--->[8 0.0035842293906810036, ]
新纪录--->[6 0.002857142857142857, ]
新加坡--->[2 0.014035087719298246, ]
新时代--->[8 0.0035842293906810036, ]
新台币--->[10 0.004424778761061947, ]
新兴--->[2 0.008771929824561403, ]
新政府--->[1 0.002638522427440633, 2 0.0017543859649122807, ]
心理--->[5 0.0017985611510791368, ]
信号--->[2 0.0017543859649122807, ]
信守--->[2 0.0017543859649122807, ]
信息--->[1 0.002638522427440633, 6 0.014285714285714285, 8 0.0035842293906810036, ]
信息技术--->[8 0.0035842293906810036, ]
刑--->[7 0.008130081300813009, ]
形势--->[9 0.007692307692307693, ]
兄弟--->[1 0.0079155672823219, ]
修订--->[5 0.0017985611510791368, ]
修正--->[5 0.0017985611510791368, ]
修正案--->[5 0.0035971223021582736, ]
需求量--->[10 0.008849557522123894, ]
许建国--->[5 0.0017985611510791368, ]
许诺--->[1 0.002638522427440633, ]
宣判--->[6 0.002857142857142857, 7 0.008130081300813009, ]
宣言--->[2 0.0035087719298245615, ]
选--->[1 0.0079155672823219, ]
选举--->[2 0.005263157894736842, 3 0.041237113402061855, ]
选择--->[2 0.0017543859649122807, 3 0.010309278350515464, 5 0.0035971223021582736, ]
学--->[10 0.004424778761061947, ]
学界--->[5 0.0035971223021582736, ]
学生--->[10 0.004424778761061947, ]
学习--->[1 0.002638522427440633, 8 0.0035842293906810036, ]
学者--->[5 0.00539568345323741, ]
寻求--->[2 0.0017543859649122807, ]
巡查--->[4 0.004424778761061947, ]
汛期--->[4 0.004424778761061947, ]
压力--->[5 0.0017985611510791368, ]
亚洲--->[2 0.0017543859649122807, ]
烟花爆竹--->[4 0.017699115044247787, ]
烟台--->[9 0.007692307692307693, ]
严防--->[4 0.01327433628318584, ]
严格控制--->[4 0.004424778761061947, ]
严格执行--->[4 0.004424778761061947, ]
严肃--->[4 0.004424778761061947, ]
研究所--->[5 0.0017985611510791368, ]
研究员--->[5 0.0035971223021582736, ]
演讲--->[1 0.010554089709762533, ]
验收--->[4 0.008849557522123894, ]
验收关--->[4 0.004424778761061947, ]
邀请--->[2 0.0017543859649122807, ]
药--->[4 0.004424778761061947, ]
药物--->[4 0.004424778761061947, ]
一半--->[5 0.0017985611510791368, ]
一部分--->[5 0.0017985611510791368, ]
一大--->[5 0.0017985611510791368, 6 0.002857142857142857, ]
一带--->[2 0.005263157894736842, ]
一道--->[1 0.002638522427440633, 2 0.0017543859649122807, ]
一贯性--->[1 0.002638522427440633, ]
一家--->[9 0.007692307692307693, ]
一路--->[2 0.005263157894736842, ]
一审--->[6 0.002857142857142857, 7 0.008130081300813009, ]
一味--->[5 0.0017985611510791368, ]
一系列--->[1 0.002638522427440633, ]
一线--->[8 0.0035842293906810036, ]
医疗--->[5 0.00539568345323741, ]
医院--->[1 0.002638522427440633, ]
依法--->[4 0.004424778761061947, ]
伊姆兰汗--->[1 0.021108179419525065, 2 0.0035087719298245615, ]
遗留--->[4 0.004424778761061947, ]
疑问--->[5 0.0035971223021582736, ]
已是--->[10 0.004424778761061947, ]
亿元--->[6 0.017142857142857144, ]
臆测--->[1 0.002638522427440633, ]
意见--->[2 0.0017543859649122807, 5 0.0017985611510791368, ]
意愿--->[2 0.0017543859649122807, ]
义华--->[5 0.0017985611510791368, ]
益丰--->[10 0.022123893805309734, ]
议会--->[2 0.0017543859649122807, ]
议事--->[6 0.002857142857142857, ]
因素--->[5 0.0035971223021582736, ]
引进--->[6 0.002857142857142857, 10 0.004424778761061947, ]
引入--->[5 0.0017985611510791368, ]
引用--->[1 0.002638522427440633, ]
印度--->[2 0.0017543859649122807, ]
英国--->[1 0.002638522427440633, ]
英国广播公司--->[1 0.002638522427440633, ]
英俊--->[1 0.002638522427440633, ]
英媒--->[1 0.002638522427440633, ]
应--->[2 0.0035087719298245615, 5 0.0035971223021582736, ]
应对--->[2 0.0017543859649122807, ]
应急--->[4 0.017699115044247787, ]
营利--->[6 0.002857142857142857, ]
营商--->[8 0.007168458781362007, ]
迎合--->[1 0.002638522427440633, ]
赢得--->[1 0.005277044854881266, 2 0.0017543859649122807, ]
影响--->[1 0.005277044854881266, 6 0.002857142857142857, ]
拥护--->[1 0.002638522427440633, ]
永远--->[1 0.002638522427440633, ]
勇气--->[8 0.0035842293906810036, ]
用于--->[5 0.0017985611510791368, 9 0.007692307692307693, ]
优化--->[8 0.0035842293906810036, ]
优惠--->[5 0.0017985611510791368, ]
优势--->[10 0.004424778761061947, ]
有期徒刑--->[7 0.008130081300813009, ]
有人--->[1 0.002638522427440633, 2 0.0017543859649122807, 3 0.010309278350515464, 10 0.004424778761061947, ]
有望--->[1 0.002638522427440633, ]
有限公司--->[4 0.008849557522123894, ]
有效性--->[8 0.0035842293906810036, ]
有序--->[8 0.0035842293906810036, ]
友好--->[1 0.005277044854881266, 2 0.005263157894736842, ]
友好关系--->[1 0.002638522427440633, ]
友谊--->[1 0.0079155672823219, 2 0.0017543859649122807, ]
余--->[6 0.005714285714285714, ]
予以--->[7 0.008130081300813009, ]
予以考虑--->[7 0.008130081300813009, ]
与时俱进--->[2 0.0017543859649122807, ]
预案--->[4 0.008849557522123894, ]
预警--->[4 0.004424778761061947, ]
预期--->[5 0.0017985611510791368, 8 0.0035842293906810036, ]
预祝--->[2 0.0017543859649122807, 3 0.010309278350515464, ]
元--->[5 0.023381294964028777, 6 0.005714285714285714, 10 0.017699115044247787, ]
原--->[1 0.002638522427440633, 2 0.0017543859649122807, 3 0.010309278350515464, 4 0.008849557522123894, 5 0.0017985611510791368, 6 0.011428571428571429, 7 0.032520325203252036, 8 0.0035842293906810036, 9 0.007692307692307693, 10 0.004424778761061947, ]
原则--->[6 0.002857142857142857, ]
园--->[10 0.008849557522123894, ]
愿--->[1 0.002638522427440633, ]
院--->[6 0.005714285714285714, ]
约--->[10 0.008849557522123894, ]
约翰内斯堡--->[2 0.005263157894736842, ]
越高--->[5 0.0017985611510791368, ]
越好--->[5 0.0017985611510791368, ]
月--->[5 0.0017985611510791368, ]
月均--->[5 0.0035971223021582736, ]
月薪--->[5 0.0017985611510791368, ]
云南省委--->[6 0.002857142857142857, ]
运动--->[2 0.0017543859649122807, ]
栽种--->[10 0.004424778761061947, ]
再考虑--->[5 0.0017985611510791368, ]
再往--->[5 0.0017985611510791368, ]
在发言中--->[2 0.0017543859649122807, ]
在内--->[5 0.0017985611510791368, ]
赞--->[1 0.002638522427440633, ]
责任--->[4 0.004424778761061947, 9 0.007692307692307693, ]
责任编辑--->[1 0.002638522427440633, 3 0.010309278350515464, 4 0.004424778761061947, 5 0.0017985611510791368, 6 0.002857142857142857, 7 0.008130081300813009, 8 0.0035842293906810036, 9 0.007692307692307693, 10 0.004424778761061947, ]
择期--->[6 0.002857142857142857, ]
怎么说--->[1 0.002638522427440633, ]
增长--->[5 0.0035971223021582736, ]
增加--->[1 0.002638522427440633, ]
扎实--->[4 0.004424778761061947, ]
展现出--->[2 0.0017543859649122807, ]
战略--->[1 0.005277044854881266, 2 0.0017543859649122807, 9 0.007692307692307693, ]
站--->[6 0.002857142857142857, ]
张--->[5 0.0017985611510791368, ]
涨到--->[10 0.008849557522123894, ]
丈夫--->[5 0.0017985611510791368, ]
招募--->[10 0.008849557522123894, ]
兆瓦--->[1 0.002638522427440633, ]
折合--->[6 0.002857142857142857, 10 0.004424778761061947, ]
这场--->[1 0.002638522427440633, ]
这段--->[6 0.002857142857142857, ]
这位--->[6 0.002857142857142857, ]
真--->[5 0.0017985611510791368, ]
真诚--->[2 0.0035087719298245615, ]
真实--->[8 0.0035842293906810036, ]
针对性--->[8 0.007168458781362007, ]
征管--->[5 0.0017985611510791368, ]
征求意见--->[5 0.0035971223021582736, ]
征收--->[5 0.0017985611510791368, ]
征税--->[5 0.0017985611510791368, ]
正--->[10 0.004424778761061947, ]
正能量--->[9 0.007692307692307693, ]
正文--->[5 0.0035971223021582736, ]
正义--->[2 0.0017543859649122807, ]
政--->[6 0.002857142857142857, ]
政策--->[10 0.004424778761061947, ]
政党政治--->[1 0.002638522427440633, ]
政府--->[2 0.0017543859649122807, 5 0.0017985611510791368, 8 0.017921146953405017, ]
政府职能--->[8 0.03225806451612903, ]
政客--->[1 0.002638522427440633, ]
政坛--->[1 0.002638522427440633, ]
政治--->[1 0.002638522427440633, 2 0.0035087719298245615, 3 0.010309278350515464, 6 0.005714285714285714, ]
支撑--->[8 0.0035842293906810036, ]
支持--->[1 0.005277044854881266, 2 0.008771929824561403, 3 0.05154639175257732, 5 0.0017985611510791368, ]
支出--->[5 0.01079136690647482, ]
知情--->[6 0.002857142857142857, ]
之争--->[5 0.0017985611510791368, ]
职工--->[5 0.0017985611510791368, ]
职工收入--->[5 0.0017985611510791368, ]
职务--->[6 0.011428571428571429, 7 0.016260162601626018, ]
直至--->[2 0.0017543859649122807, 3 0.010309278350515464, ]
执法人员--->[8 0.0035842293906810036, ]
执行--->[5 0.0017985611510791368, ]
指--->[1 0.002638522427440633, ]
指出--->[1 0.002638522427440633, 4 0.004424778761061947, ]
指导--->[8 0.007168458781362007, ]
指控--->[6 0.011428571428571429, ]
指手画脚--->[1 0.002638522427440633, ]
旨在--->[2 0.0017543859649122807, ]
至少--->[5 0.0035971223021582736, ]
制定--->[4 0.008849557522123894, ]
制度--->[9 0.007692307692307693, ]
制造--->[4 0.008849557522123894, ]
智慧--->[8 0.0035842293906810036, ]
质疑--->[10 0.004424778761061947, ]
滞销--->[10 0.004424778761061947, ]
治病--->[1 0.002638522427440633, ]
治理--->[8 0.007168458781362007, ]
中--->[1 0.005277044854881266, 3 0.010309278350515464, 5 0.0017985611510791368, 6 0.014285714285714285, 8 0.007168458781362007, 10 0.004424778761061947, ]
中巴--->[1 0.026385224274406333, 2 0.0017543859649122807, ]
中巴关系--->[1 0.0079155672823219, 2 0.0035087719298245615, ]
中德关系--->[9 0.007692307692307693, ]
中的--->[2 0.0035087719298245615, 3 0.010309278350515464, ]
中都--->[2 0.0017543859649122807, 3 0.010309278350515464, ]
中方--->[1 0.002638522427440633, 2 0.014035087719298246, 3 0.05154639175257732, 9 0.03076923076923077, ]
中共安徽省委--->[6 0.002857142857142857, ]
中共中央政治局--->[8 0.0035842293906810036, ]
中国--->[1 0.023746701846965697, 2 0.012280701754385965, 3 0.020618556701030927, 8 0.0035842293906810036, 9 0.03076923076923077, ]
中国社会科学院社会学所--->[5 0.0017985611510791368, ]
中国外交部--->[1 0.005277044854881266, ]
中国政法大学民商经济法学院--->[5 0.0035971223021582736, ]
中华人民共和国--->[6 0.002857142857142857, ]
中马--->[2 0.005263157894736842, ]
中南财经政法大学--->[5 0.0017985611510791368, ]
中企--->[9 0.007692307692307693, ]
中日韩--->[2 0.0017543859649122807, ]
中新--->[2 0.005263157894736842, 5 0.007194244604316547, ]
中新网--->[4 0.004424778761061947, 5 0.0035971223021582736, ]
中央纪委--->[6 0.005714285714285714, ]
终身--->[6 0.002857142857142857, ]
种植--->[10 0.004424778761061947, ]
重点--->[2 0.0017543859649122807, 5 0.0017985611510791368, 8 0.007168458781362007, ]
重申--->[2 0.0017543859649122807, ]
重视--->[2 0.0035087719298245615, ]
重要性--->[2 0.0017543859649122807, ]
周永康--->[6 0.002857142857142857, ]
主持--->[2 0.0017543859649122807, 3 0.010309278350515464, 8 0.0035842293906810036, 9 0.007692307692307693, ]
主任--->[6 0.002857142857142857, ]
主任委员--->[7 0.008130081300813009, ]
主席--->[2 0.0017543859649122807, ]
主席国--->[2 0.0017543859649122807, ]
主义--->[2 0.0035087719298245615, 9 0.007692307692307693, ]
助力--->[9 0.007692307692307693, ]
住--->[4 0.004424778761061947, ]
住房--->[5 0.00539568345323741, ]
住房贷款--->[5 0.0017985611510791368, ]
注入--->[9 0.007692307692307693, ]
注意到--->[1 0.002638522427440633, 9 0.007692307692307693, ]
驻--->[1 0.002638522427440633, ]
专家--->[5 0.0017985611510791368, ]
专题组--->[8 0.007168458781362007, ]
专项--->[5 0.01079136690647482, ]
撰文--->[6 0.002857142857142857, ]
追缴--->[7 0.008130081300813009, ]
追究--->[4 0.004424778761061947, ]
酌情--->[7 0.008130081300813009, ]
资料--->[5 0.0035971223021582736, 6 0.002857142857142857, 7 0.008130081300813009, ]
资源配置--->[8 0.0035842293906810036, ]
子女--->[5 0.0017985611510791368, ]
子女教育--->[5 0.0035971223021582736, ]
自我--->[8 0.0035842293906810036, ]
自行决定--->[5 0.0017985611510791368, ]
自由化--->[2 0.0017543859649122807, ]
自由贸易--->[2 0.0017543859649122807, 9 0.007692307692307693, ]
自主--->[2 0.0017543859649122807, 3 0.010309278350515464, ]
综合--->[3 0.010309278350515464, 5 0.0035971223021582736, ]
综合执法--->[8 0.0035842293906810036, ]
总额--->[5 0.0017985611510791368, ]
总经理--->[6 0.002857142857142857, ]
总理--->[1 0.0079155672823219, 2 0.010526315789473684, ]
总领事--->[1 0.002638522427440633, ]
总体--->[5 0.0017985611510791368, ]
总统--->[2 0.007017543859649123, ]
纵深--->[8 0.007168458781362007, ]
走廊--->[1 0.013192612137203167, 2 0.0017543859649122807, ]
租金--->[5 0.0017985611510791368, ]
组--->[8 0.007168458781362007, ]
组长--->[8 0.0035842293906810036, ]
组织--->[6 0.002857142857142857, ]
最多--->[6 0.002857142857142857, ]
罪--->[6 0.005714285714285714, ]
罪名--->[6 0.005714285714285714, ]
遵守--->[2 0.0017543859649122807, ]
昨天--->[2 0.0017543859649122807, ]
做--->[5 0.0017985611510791368, 10 0.008849557522123894, ]
做出--->[5 0.0017985611510791368, ]
做好--->[4 0.017699115044247787, ]
作出--->[7 0.008130081300813009, ]
作用--->[2 0.0017543859649122807, 3 0.010309278350515464, 8 0.010752688172043012, 9 0.007692307692307693, ]
